# Particles are stored as x,y,z,w
 1.76377687406E-02  1.01031817612E-02 -3.17713676677E-05  1.00000000000E+00
 1.74035667001E-02  1.00045098885E-02 -3.80263450198E-05  1.00000000000E+00
 1.76135194356E-02  9.92132509043E-03 -9.36121833906E-06  1.00000000000E+00
 1.75333528158E-02  1.01632451541E-02  1.87474232696E-06  1.00000000000E+00
 1.74127351378E-02  1.01023216817E-02  4.73475986701E-05  1.00000000000E+00
 1.75919326993E-02  1.01595353152E-02  7.35935727662E-05  1.00000000000E+00
 1.74888570862E-02  9.84028048323E-03 -2.63312658185E-05  1.00000000000E+00
 1.74908039106E-02  1.01461239711E-02 -9.58030758432E-05  1.00000000000E+00
 1.75878818746E-02  9.95952941689E-03  1.29937990859E-04  1.00000000000E+00
 1.76470411102E-02  9.89756435075E-03 -6.99182549010E-05  1.00000000000E+00
 1.76481884928E-02  9.87642683660E-03  2.70042962483E-05  1.00000000000E+00
 1.74791878286E-02  9.83217832742E-03 -7.19781581310E-05  1.00000000000E+00
 1.75205068984E-02  1.00826245639E-02  1.89763645314E-05  1.00000000000E+00
 1.75412742512E-02  1.00350468257E-02 -2.20043894898E-05  1.00000000000E+00
 1.75385147446E-02  9.95396045839E-03  3.02604056660E-05  1.00000000000E+00
 1.74161318010E-02  9.87575653142E-03 -1.25308188698E-04  1.00000000000E+00
 1.75451092719E-02  1.00626637556E-02 -9.38760319625E-06  1.00000000000E+00
 1.76692329759E-02  1.00162399700E-02 -4.34815799062E-05  1.00000000000E+00
 1.75821133599E-02  9.91025364852E-03  1.24651483403E-04  1.00000000000E+00
 1.76799059493E-02  1.00318780043E-02 -1.97747573475E-05  1.00000000000E+00
 1.74945776808E-02  1.00520589362E-02  1.38031030269E-04  1.00000000000E+00
 1.73881842147E-02  1.01178331887E-02 -6.69855403121E-05  1.00000000000E+00
 1.76640064059E-02  1.00136791873E-02  7.22356530249E-05  1.00000000000E+00
 1.75303811792E-02  9.95648376373E-03 -5.19440238659E-05  1.00000000000E+00
 1.74039679559E-02  9.88833170853E-03  5.87702879341E-05  1.00000000000E+00
 1.74401175870E-02  9.87212716061E-03  1.45460208395E-06  1.00000000000E+00
 1.73797423162E-02  9.94342212052E-03  9.26393224901E-05  1.00000000000E+00
 1.75704807137E-02  1.01381698375E-02 -6.30749835686E-05  1.00000000000E+00
 1.74002749357E-02  1.00387165574E-02 -2.30743865204E-05  1.00000000000E+00
 1.73699277938E-02  9.98865016604E-03 -3.60378417370E-05  1.00000000000E+00
 1.75276450958E-02  1.00034400520E-02 -7.54215995999E-05  1.00000000000E+00
 1.74428606730E-02  1.01350644697E-02 -9.96269340711E-05  1.00000000000E+00
 1.75534991409E-02  1.00484307382E-02  8.62477401206E-05  1.00000000000E+00
 1.74552068941E-02  9.96576719531E-03  6.03331449053E-05  1.00000000000E+00
 1.73957663841E-02  1.00549597605E-02 -4.85407718708E-05  1.00000000000E+00
 1.76501693567E-02  1.00272605684E-02 -3.42374413265E-05  1.00000000000E+00
 1.74609068300E-02  1.00807318496E-02 -3.27093786830E-05  1.00000000000E+00
 1.75648783556E-02  9.81871187438E-03 -2.18591241125E-05  1.00000000000E+00
 1.74036907694E-02  9.86307462885E-03  1.10292520670E-05  1.00000000000E+00
 1.74949062404E-02  1.00245619702E-02  1.02193906903E-04  1.00000000000E+00
 1.76535500617E-02  9.99783306815E-03 -7.51767014333E-05  1.00000000000E+00
 1.74867568941E-02  1.01236183429E-02  1.50006532592E-04  1.00000000000E+00
 1.75532355040E-02  9.83338682007E-03  9.02217421845E-05  1.00000000000E+00
 1.74264708549E-02  9.88540986483E-03  8.69296573244E-05  1.00000000000E+00
 1.73325381667E-02  9.90988553737E-03 -1.88087260728E-05  1.00000000000E+00
 1.75083462114E-02  1.00603132953E-02 -6.11787941602E-05  1.00000000000E+00
 1.73162653095E-02  1.00723987080E-02  2.33422944388E-05  1.00000000000E+00
 1.75621447459E-02  1.00849430610E-02  1.61084060248E-04  1.00000000000E+00
 1.75560564799E-02  9.94897970519E-03  1.51715134927E-05  1.00000000000E+00
 1.73604092695E-02  9.93336335521E-03  1.15849263570E-04  1.00000000000E+00
 1.75873997691E-02  9.93530238801E-03  4.82152433266E-05  1.00000000000E+00
 1.74158123415E-02  9.95791679320E-03  1.93937186290E-05  1.00000000000E+00
 1.74173628006E-02  9.99122586766E-03 -1.04117566545E-04  1.00000000000E+00
 1.73283451536E-02  9.96126765858E-03 -6.85917159938E-05  1.00000000000E+00
 1.74374606375E-02  9.99163460766E-03  7.98381164602E-05  1.00000000000E+00
 1.74706141294E-02  9.92076124649E-03  9.39003964874E-05  1.00000000000E+00
 1.75076014915E-02  9.97941771424E-03 -4.55247822914E-06  1.00000000000E+00
 1.75339554808E-02  1.00717210269E-02 -3.07847705970E-05  1.00000000000E+00
 1.76108400618E-02  9.97248840985E-03 -5.65918471962E-05  1.00000000000E+00
 1.76612042830E-02  9.98064471707E-03  7.07683867266E-05  1.00000000000E+00
 1.73475641146E-02  9.95918144064E-03 -1.17107210633E-04  1.00000000000E+00
 1.73585417959E-02  9.87918801742E-03 -4.87872142743E-05  1.00000000000E+00
 1.75719717932E-02  1.01510626332E-02 -1.83763003552E-06  1.00000000000E+00
 1.76668186691E-02  9.92898412595E-03 -6.23643403700E-07  1.00000000000E+00
 1.74994586367E-02  1.00680272605E-02 -1.19203476480E-04  1.00000000000E+00
 1.75439082442E-02  9.88750923875E-03 -6.39118739796E-05  1.00000000000E+00
 1.76136666273E-02  1.01369333308E-02  3.31792720985E-05  1.00000000000E+00
 1.75019998770E-02  1.01604361908E-02  9.71439580971E-07  1.00000000000E+00
 1.75295489910E-02  1.00714285427E-02  1.22043995613E-04  1.00000000000E+00
 1.75394457055E-02  1.01302786469E-02 -7.11457477363E-06  1.00000000000E+00
 1.76164160847E-02  9.95542755606E-03  3.45553822326E-05  1.00000000000E+00
 1.76405266430E-02  1.01192237884E-02  6.27938207545E-05  1.00000000000E+00
 1.76771788085E-02  9.92112195126E-03 -3.67707330461E-05  1.00000000000E+00
 1.74967323836E-02  1.01453300732E-02  8.68754985381E-05  1.00000000000E+00
 1.74644560785E-02  1.00447083457E-02 -4.53267977867E-05  1.00000000000E+00
 1.73129861849E-02  1.00469601695E-02  5.19865164873E-05  1.00000000000E+00
 1.73421171299E-02  1.00196575065E-02 -6.13328093440E-05  1.00000000000E+00
 1.74533656293E-02  1.01105679595E-02 -3.87212899030E-06  1.00000000000E+00
 1.76525106462E-02  1.00440478972E-02 -1.31246339848E-05  1.00000000000E+00
 1.75529250560E-02  9.93514615193E-03 -1.50270482989E-04  1.00000000000E+00
 1.75730118475E-02  1.00488149771E-02  1.15426596550E-04  1.00000000000E+00
 1.76241003398E-02  1.00076029237E-02  1.14195659744E-04  1.00000000000E+00
 1.73756509871E-02  1.01128456425E-02 -2.21681583775E-05  1.00000000000E+00
 1.76026464885E-02  9.98218809472E-03  1.15823491311E-04  1.00000000000E+00
 1.75666044610E-02  1.00287187304E-02 -1.13608246357E-04  1.00000000000E+00
 1.76117582843E-02  1.00794009731E-02 -3.19555535701E-05  1.00000000000E+00
 1.74221246360E-02  9.84537795826E-03 -2.96119007711E-05  1.00000000000E+00
 1.74662564786E-02  9.83968439524E-03  1.09527492989E-04  1.00000000000E+00
 1.73831912160E-02  9.88191631931E-03  6.95036582115E-05  1.00000000000E+00
 1.76866077042E-02  9.94489594798E-03 -1.06518388960E-05  1.00000000000E+00
 1.74263565675E-02  9.89713547598E-03  1.01943365288E-04  1.00000000000E+00
 1.73292844597E-02  9.96809268087E-03  2.03108710550E-05  1.00000000000E+00
 1.75963515279E-02  9.85691338954E-03 -3.11245015322E-05  1.00000000000E+00
 1.75547864150E-02  9.83382227793E-03 -2.20755379415E-05  1.00000000000E+00
 1.74634504885E-02  9.96689019192E-03  9.12722018399E-05  1.00000000000E+00
 1.74282684011E-02  9.88159611038E-03 -8.26753379335E-05  1.00000000000E+00
 1.74107880983E-02  1.00232726354E-02  7.52801214274E-05  1.00000000000E+00
 1.76182628623E-02  9.97846575358E-03 -4.04892379481E-05  1.00000000000E+00
 1.76070562971E-02  9.97268659823E-03 -1.00816932441E-04  1.00000000000E+00
 1.74849741418E-02  1.00549214097E-02 -6.68480469276E-06  1.00000000000E+00
 1.76074537038E-02  1.00515681514E-02  1.80832463776E-05  1.00000000000E+00
 1.73624884439E-02  1.00825176172E-02 -1.14260313137E-05  1.00000000000E+00
 1.75712714985E-02  1.01040359347E-02 -1.07054911424E-04  1.00000000000E+00
 1.74026303273E-02  1.00104407635E-02  3.26464733778E-05  1.00000000000E+00
 1.74584939940E-02  9.84081269129E-03 -9.89567656701E-05  1.00000000000E+00
 1.74222415731E-02  9.93595616257E-03  1.20741750582E-05  1.00000000000E+00
 1.74659321602E-02  9.91587677980E-03  7.93364088065E-06  1.00000000000E+00
 1.75295927212E-02  1.00508558756E-02  1.25503215352E-05  1.00000000000E+00
 1.74643218009E-02  1.00538376050E-02 -3.86348493653E-05  1.00000000000E+00
 1.76114201036E-02  1.01152709701E-02 -8.30983327557E-05  1.00000000000E+00
 1.74487217294E-02  1.00515243624E-02 -1.37172013154E-04  1.00000000000E+00
 1.75788127724E-02  9.95257110119E-03  3.64249899028E-05  1.00000000000E+00
 1.73558132397E-02  1.00673033544E-02 -5.83768557545E-05  1.00000000000E+00
 1.74890662305E-02  9.96604296034E-03 -9.31390080196E-06  1.00000000000E+00
 1.75778782532E-02  9.92729607073E-03  6.08217923594E-05  1.00000000000E+00
 1.75745186089E-02  1.00967815427E-02  6.76030319784E-05  1.00000000000E+00
 1.75908399817E-02  9.89067480904E-03  1.00645573654E-04  1.00000000000E+00
 1.74151696419E-02  9.84218410681E-03 -1.56420418133E-05  1.00000000000E+00
 1.74320783090E-02  9.86730215946E-03 -3.13160429954E-05  1.00000000000E+00
 1.76588803908E-02  9.97410810932E-03 -2.10832419001E-05  1.00000000000E+00
 1.75835311030E-02  1.00096647481E-02 -1.48310785863E-04  1.00000000000E+00
 1.74555500520E-02  1.01227384075E-02 -4.41854335970E-05  1.00000000000E+00
 1.75346121034E-02  9.81991730602E-03 -4.46609615288E-05  1.00000000000E+00
 1.75443119505E-02  1.00450026992E-02  8.19694842960E-05  1.00000000000E+00
 1.75048474602E-02  9.91376959613E-03  1.50982981571E-04  1.00000000000E+00
 1.74412284327E-02  9.98331772999E-03  5.27517726922E-05  1.00000000000E+00
 1.74960808255E-02  1.00816467270E-02 -1.13832162806E-04  1.00000000000E+00
 1.74586057948E-02  1.01685567654E-02 -1.85183310722E-05  1.00000000000E+00
 1.76179160634E-02  9.92917159061E-03 -1.77022460297E-05  1.00000000000E+00
 1.74474816504E-02  9.88383653125E-03  9.80584128424E-06  1.00000000000E+00
 1.73751140143E-02  9.88064863459E-03  6.90671525271E-05  1.00000000000E+00
 1.75942410627E-02  9.92489283835E-03  1.43997759773E-04  1.00000000000E+00
 1.74018556699E-02  9.93757615051E-03  8.49921561478E-05  1.00000000000E+00
 1.74762559104E-02  9.83085732406E-03 -2.92257649928E-05  1.00000000000E+00
 1.73721557565E-02  9.99600538081E-03 -1.48765808819E-04  1.00000000000E+00
 1.74739374730E-02  1.00228216258E-02 -8.57976835666E-05  1.00000000000E+00
 1.75164302790E-02  9.88047401819E-03 -8.13434994892E-05  1.00000000000E+00
 1.74767134533E-02  1.00418679609E-02  1.44660104345E-05  1.00000000000E+00
 1.73995094783E-02  9.91382279360E-03  9.44333732043E-05  1.00000000000E+00
 1.75638483167E-02  1.00967686222E-02  6.11322351774E-06  1.00000000000E+00
 1.73472977250E-02  1.00949133473E-02 -5.64381354166E-05  1.00000000000E+00
 1.75699528417E-02  1.00813935654E-02  6.42433830564E-05  1.00000000000E+00
 1.75072613189E-02  1.00698583017E-02 -1.06558730086E-04  1.00000000000E+00
 1.75514046892E-02  9.91473241920E-03 -1.31447049566E-04  1.00000000000E+00
 1.76238995314E-02  1.00212491080E-02 -6.88461173565E-05  1.00000000000E+00
 1.74582323407E-02  1.01903026318E-02  4.18980715045E-06  1.00000000000E+00
 1.76099208698E-02  1.00277992152E-02  7.82794951478E-05  1.00000000000E+00
 1.73853831745E-02  1.00930242364E-02  1.26469594937E-04  1.00000000000E+00
 1.76039866161E-02  9.94138496103E-03  3.64112202303E-05  1.00000000000E+00
 1.76335735083E-02  1.00105742234E-02 -5.65543517792E-05  1.00000000000E+00
 1.75611053680E-02  1.00643397119E-02 -2.12042388547E-06  1.00000000000E+00
 1.76813303522E-02  9.99236603542E-03 -7.44225361817E-05  1.00000000000E+00
 1.76391123357E-02  9.90366331976E-03  4.17223972137E-05  1.00000000000E+00
 1.75813675409E-02  1.01286785195E-02  1.14147500073E-04  1.00000000000E+00
 1.74764780392E-02  1.00903192063E-02  6.31324983416E-05  1.00000000000E+00
 1.74040426354E-02  1.00686339383E-02 -7.80390321702E-05  1.00000000000E+00
 1.74425431626E-02  1.00158053221E-02  9.29255295707E-05  1.00000000000E+00
 1.73866097136E-02  9.97408527178E-03 -5.67859461547E-05  1.00000000000E+00
 1.75989236039E-02  9.95306731167E-03 -3.62862262400E-05  1.00000000000E+00
 1.74054963605E-02  1.00125346714E-02  9.42547648568E-05  1.00000000000E+00
 1.75746586463E-02  9.98505993414E-03 -1.83224381314E-04  1.00000000000E+00
 1.76686031226E-02  9.96357352124E-03 -4.38804531952E-05  1.00000000000E+00
 1.75055738385E-02  1.00929739377E-02 -1.40732845427E-04  1.00000000000E+00
 1.74320204027E-02  1.01360546226E-02  1.28263408471E-04  1.00000000000E+00
 1.73675376020E-02  1.01150725568E-02  7.34636919540E-05  1.00000000000E+00
 1.75391513589E-02  1.00482040692E-02 -1.69952788648E-05  1.00000000000E+00
 1.73600283909E-02  1.00407879652E-02 -9.90108479850E-05  1.00000000000E+00
 1.74170938244E-02  9.86032362419E-03 -1.05541966833E-04  1.00000000000E+00
 1.74423237954E-02  1.00941998862E-02 -3.81154556941E-05  1.00000000000E+00
 1.74079359019E-02  9.99692526145E-03 -4.29627000845E-05  1.00000000000E+00
 1.74243056790E-02  1.01602166631E-02  2.01793803838E-05  1.00000000000E+00
 1.74049786357E-02  1.00747374625E-02 -1.76329124121E-05  1.00000000000E+00
 1.75885550860E-02  9.96151152356E-03 -1.59798547282E-06  1.00000000000E+00
 1.75722901543E-02  1.00328014782E-02  1.10367044595E-04  1.00000000000E+00
 1.74159110397E-02  1.00744443260E-02 -1.17160809748E-04  1.00000000000E+00
 1.75344583412E-02  1.00880337820E-02  7.25299026836E-05  1.00000000000E+00
 1.74452772298E-02  1.00502852300E-02 -7.07990273986E-05  1.00000000000E+00
 1.76114470937E-02  1.00989127803E-02 -1.24938165932E-04  1.00000000000E+00
 1.75195509044E-02  9.96955169224E-03  1.79915219039E-04  1.00000000000E+00
 1.73695334152E-02  9.86794353742E-03  6.35447014552E-05  1.00000000000E+00
 1.76186643885E-02  1.00420182687E-02  1.01901589139E-04  1.00000000000E+00
 1.74063034127E-02  9.91398513321E-03 -2.85185433074E-05  1.00000000000E+00
 1.75151481823E-02  1.00218239406E-02  1.96036134190E-04  1.00000000000E+00
 1.75644510528E-02  1.01694812738E-02  2.53140609984E-05  1.00000000000E+00
 1.74443766042E-02  1.01798080594E-02  2.46394601835E-05  1.00000000000E+00
 1.74646545578E-02  1.00456533992E-02  1.21650006653E-04  1.00000000000E+00
 1.76765429680E-02  1.00721031850E-02  5.23632000520E-05  1.00000000000E+00
 1.75511260590E-02  9.99879588490E-03  9.23677078940E-05  1.00000000000E+00
 1.74792718805E-02  1.00976145140E-02 -2.01383713968E-05  1.00000000000E+00
 1.75035596099E-02  1.01227295751E-02  8.19968643797E-05  1.00000000000E+00
 1.74546500130E-02  1.01101786901E-02  5.02569963726E-05  1.00000000000E+00
 1.74861251961E-02  1.01319409358E-02 -1.49274606811E-04  1.00000000000E+00
 1.74894899724E-02  1.00086770956E-02 -1.83365499730E-04  1.00000000000E+00
 1.73763093523E-02  9.84432426891E-03  1.62487818930E-05  1.00000000000E+00
 1.75683557217E-02  1.00382652615E-02 -3.83186791342E-05  1.00000000000E+00
 1.73535824624E-02  9.99235714586E-03  5.67573538908E-05  1.00000000000E+00
 1.75524885487E-02  1.01798714703E-02 -6.21206587549E-05  1.00000000000E+00
 1.75343533421E-02  9.83311962509E-03  2.39186351729E-05  1.00000000000E+00
 1.76253195204E-02  9.88064180553E-03 -9.56141998531E-05  1.00000000000E+00
 1.75801622561E-02  9.90155278677E-03 -9.63018103914E-05  1.00000000000E+00
 1.75342010861E-02  1.00566198603E-02 -1.86481720519E-04  1.00000000000E+00
 1.75593599760E-02  9.98261899236E-03 -1.04511485063E-04  1.00000000000E+00
 1.74834681526E-02  9.86375588390E-03 -6.65336373071E-05  1.00000000000E+00
 1.75620829199E-02  9.99059422246E-03  2.23680378710E-05  1.00000000000E+00
 1.75173771175E-02  1.01282376960E-02 -6.26468807386E-05  1.00000000000E+00
 1.74409280466E-02  9.98063225548E-03  1.33403928215E-04  1.00000000000E+00
 1.74245019549E-02  9.95580599580E-03 -1.79107610582E-04  1.00000000000E+00
 1.76070202613E-02  1.00845398878E-02 -5.68465503502E-05  1.00000000000E+00
 1.74419921178E-02  1.01607365329E-02  1.02587080764E-04  1.00000000000E+00
 1.75689270714E-02  1.00250942941E-02  1.21506215494E-04  1.00000000000E+00
 1.73761973737E-02  9.95506353993E-03 -5.69562611094E-05  1.00000000000E+00
 1.74825903409E-02  1.00216210626E-02  1.48665197774E-04  1.00000000000E+00
 1.74048970670E-02  1.00591989443E-02 -1.61712781082E-04  1.00000000000E+00
 1.74506745587E-02  9.86274422391E-03  1.93121245384E-05  1.00000000000E+00
 1.75560480138E-02  9.89703256471E-03  1.51558512253E-04  1.00000000000E+00
 1.75498863319E-02  1.01782397360E-02 -6.83328223652E-06  1.00000000000E+00
 1.73961161960E-02  9.91263056197E-03 -1.31993326645E-04  1.00000000000E+00
 1.73447609650E-02  1.00445896749E-02  1.11330086449E-04  1.00000000000E+00
 1.74745055871E-02  1.01654777935E-02 -6.68306538129E-05  1.00000000000E+00
 1.73991834877E-02  9.85513233353E-03  4.10098200042E-06  1.00000000000E+00
 1.75133393091E-02  9.82921929696E-03 -3.68966055926E-05  1.00000000000E+00
 1.75634725820E-02  1.01864202741E-02 -2.73835513124E-05  1.00000000000E+00
 1.74744141348E-02  9.98845358903E-03 -1.09986603509E-04  1.00000000000E+00
 1.74579350568E-02  1.00581058904E-02 -4.11763163793E-05  1.00000000000E+00
 1.75446418398E-02  9.98982028328E-03 -1.05193155181E-04  1.00000000000E+00
 1.74684198729E-02  1.01480923354E-02 -4.27567409487E-05  1.00000000000E+00
 1.76698257271E-02  1.00852780564E-02  4.16737123191E-05  1.00000000000E+00
 1.73645516192E-02  9.93619831346E-03 -3.55615342885E-05  1.00000000000E+00
 1.75014251563E-02  1.01733791631E-02 -6.18316824952E-05  1.00000000000E+00
 1.75514419149E-02  1.01064526155E-02  5.21078900061E-05  1.00000000000E+00
 1.73707591227E-02  1.00334724704E-02 -8.15829563734E-05  1.00000000000E+00
 1.75537692101E-02  9.91644416616E-03 -2.75146572742E-05  1.00000000000E+00
 1.75728890193E-02  9.90762750022E-03  9.11503529792E-05  1.00000000000E+00
 1.74387510691E-02  9.85286243889E-03  4.52514867692E-05  1.00000000000E+00
 1.73663032115E-02  9.97223097854E-03 -4.06410352483E-05  1.00000000000E+00
 1.76111180020E-02  1.00179652564E-02  2.15667102882E-05  1.00000000000E+00
 1.75101214115E-02  1.01275930330E-02 -5.72103533153E-05  1.00000000000E+00
 1.76527487952E-02  1.00943513074E-02  8.65788572825E-05  1.00000000000E+00
 1.76596868460E-02  9.93698944935E-03  6.24596978820E-07  1.00000000000E+00
 1.74327159361E-02  1.00780630056E-02  1.64866925407E-04  1.00000000000E+00
 1.75817839622E-02  1.01742152181E-02  6.84796007518E-06  1.00000000000E+00
 1.75787386411E-02  1.00589423886E-02 -1.18031950010E-04  1.00000000000E+00
 1.75754172973E-02  1.00457220470E-02 -4.96581104834E-05  1.00000000000E+00
 1.74810514223E-02  1.00337011596E-02 -9.84466085835E-05  1.00000000000E+00
 1.75068558079E-02  1.00433016976E-02 -1.16766701823E-04  1.00000000000E+00
 1.73347179968E-02  1.00352861655E-02 -6.61887847391E-05  1.00000000000E+00
 1.75027180489E-02  9.98220992100E-03 -8.02269095182E-06  1.00000000000E+00
 1.75579950225E-02  9.98907150109E-03 -1.27592649371E-04  1.00000000000E+00
 1.75164002340E-02  9.86381589562E-03  1.40871702459E-04  1.00000000000E+00
 1.75224561664E-02  9.90621062959E-03 -1.08140469150E-04  1.00000000000E+00
 1.76448144537E-02  1.00233108482E-02  1.02136157756E-04  1.00000000000E+00
 1.74961381308E-02  1.00761687997E-02  1.72495649674E-04  1.00000000000E+00
 1.75238183241E-02  1.01498821908E-02 -6.27818230612E-05  1.00000000000E+00
 1.76354347348E-02  9.92459818505E-03 -1.10153540942E-04  1.00000000000E+00
 1.74982521694E-02  1.01787616490E-02  3.59137930428E-06  1.00000000000E+00
 1.74363486650E-02  9.83100071640E-03  2.94667733380E-05  1.00000000000E+00
 1.73905027918E-02  9.94699965109E-03 -4.75350533106E-05  1.00000000000E+00
 1.75969552272E-02  9.99244781631E-03  1.52189796512E-04  1.00000000000E+00
 1.74436671921E-02  9.95373594943E-03 -1.48252347615E-04  1.00000000000E+00
 1.76114224378E-02  9.96047706114E-03  1.01211275609E-07  1.00000000000E+00
 1.74883874662E-02  1.00624727270E-02 -5.04246275659E-05  1.00000000000E+00
 1.76663445305E-02  9.97276890361E-03 -5.63144088605E-05  1.00000000000E+00
 1.76466058585E-02  9.99189099939E-03 -8.34562625866E-05  1.00000000000E+00
 1.74783948217E-02  9.93760622124E-03 -1.02587179114E-04  1.00000000000E+00
 1.73439899495E-02  9.95356264405E-03 -4.45132331108E-05  1.00000000000E+00
 1.75263576443E-02  1.00472366101E-02  7.02516299465E-05  1.00000000000E+00
 1.75008888731E-02  9.99467122326E-03 -7.41904243293E-05  1.00000000000E+00
 1.75735686958E-02  9.83675811133E-03 -7.31419015102E-05  1.00000000000E+00
 1.76229527026E-02  9.97432541314E-03 -4.75021333216E-05  1.00000000000E+00
 1.76061392219E-02  1.00463043986E-02 -9.22729223116E-05  1.00000000000E+00
 1.75331242393E-02  1.00815411400E-02  1.30831236653E-04  1.00000000000E+00
 1.75708716317E-02  1.00562988285E-02  3.83609369905E-05  1.00000000000E+00
 1.74091484518E-02  1.00769402776E-02  4.83269744280E-05  1.00000000000E+00
 1.75635405783E-02  9.95156358840E-03  2.92703419205E-05  1.00000000000E+00
 1.75640108923E-02  9.88066242761E-03  3.20486575475E-06  1.00000000000E+00
 1.74819610463E-02  9.93592612782E-03 -3.35129134225E-05  1.00000000000E+00
 1.74508929523E-02  1.00259931788E-02 -6.57626723644E-05  1.00000000000E+00
 1.76287903454E-02  9.89342470006E-03 -1.00611950901E-04  1.00000000000E+00
 1.76056828999E-02  9.97843164868E-03 -2.82044284312E-05  1.00000000000E+00
 1.74012867316E-02  9.99003825528E-03 -1.08696200130E-04  1.00000000000E+00
 1.74134085159E-02  1.00613174244E-02  3.97788224574E-05  1.00000000000E+00
 1.73350226050E-02  9.91996123771E-03  7.12195822866E-06  1.00000000000E+00
 1.76062993106E-02  9.98744030711E-03  7.11122816432E-05  1.00000000000E+00
 1.74645876899E-02  9.87682066312E-03 -4.36424939420E-05  1.00000000000E+00
 1.76550668501E-02  1.00728338147E-02  8.36480911864E-06  1.00000000000E+00
 1.75850306298E-02  1.00377942222E-02 -2.63833130832E-05  1.00000000000E+00
 1.75534166357E-02  1.00470714912E-02  1.59541650603E-04  1.00000000000E+00
 1.75282945243E-02  9.88535086095E-03 -2.34482555601E-05  1.00000000000E+00
 1.73536677815E-02  9.97728771232E-03  6.96816313564E-05  1.00000000000E+00
 1.73895992418E-02  1.00738081399E-02  1.44779753583E-04  1.00000000000E+00
 1.76028964326E-02  9.97021099009E-03  5.82911629500E-05  1.00000000000E+00
 1.75741788214E-02  9.86528451256E-03  2.29473884202E-05  1.00000000000E+00
 1.74426135859E-02  9.97525852737E-03 -2.44404584467E-05  1.00000000000E+00
 1.75652931759E-02  1.01383984029E-02 -1.25712631127E-05  1.00000000000E+00
 1.76815380959E-02  9.95762240276E-03 -1.44483962424E-05  1.00000000000E+00
 1.75162382967E-02  1.01568493586E-02  8.16866071421E-05  1.00000000000E+00
 1.75341895269E-02  1.01495633864E-02 -3.54403449868E-05  1.00000000000E+00
 1.73545526133E-02  1.00571875063E-02 -4.11643591931E-06  1.00000000000E+00
 1.74520597564E-02  1.00148808600E-02 -1.68686575875E-04  1.00000000000E+00
 1.74677373726E-02  1.01028807621E-02 -7.51665321478E-05  1.00000000000E+00
 1.75980089635E-02  1.01069450879E-02 -1.04351712424E-04  1.00000000000E+00
 1.75050596487E-02  9.86135179539E-03 -9.66428216988E-05  1.00000000000E+00
 1.75374069168E-02  9.91138286554E-03  1.35368430558E-04  1.00000000000E+00
 1.73878114056E-02  9.95362451895E-03  2.72526719391E-06  1.00000000000E+00
 1.74359091855E-02  1.01296571213E-02 -9.44471182359E-05  1.00000000000E+00
 1.74917762531E-02  9.92777488049E-03  9.16649605994E-05  1.00000000000E+00
 1.74087976791E-02  9.95371874605E-03 -6.24715677153E-05  1.00000000000E+00
 1.74494963187E-02  1.01212320019E-02 -1.24182546899E-04  1.00000000000E+00
 1.76297982441E-02  1.00167684348E-02 -6.45019486088E-05  1.00000000000E+00
 1.75208943069E-02  9.86456933292E-03 -1.81810015588E-06  1.00000000000E+00
 1.75282016817E-02  1.00082803848E-02  1.44491267201E-04  1.00000000000E+00
 1.75344801370E-02  9.99410896610E-03  8.09034359645E-06  1.00000000000E+00
 1.76127589232E-02  9.93892831831E-03  2.31157655607E-05  1.00000000000E+00
 1.76847484685E-02  9.95961306453E-03  4.35123971056E-05  1.00000000000E+00
 1.75981179429E-02  9.93936637985E-03 -9.23300244786E-05  1.00000000000E+00
 1.75050842004E-02  9.93853768368E-03 -2.03641620609E-05  1.00000000000E+00
 1.74658471540E-02  1.00127607639E-02 -3.63296654144E-05  1.00000000000E+00
 1.73696538219E-02  9.89641598650E-03 -2.52174834203E-05  1.00000000000E+00
 1.75553733493E-02  9.90771742486E-03  1.48346885967E-04  1.00000000000E+00
 1.75644836852E-02  9.92676971250E-03  1.91383977338E-05  1.00000000000E+00
 1.75388598414E-02  1.01143820983E-02 -3.25616351340E-05  1.00000000000E+00
 1.75329713113E-02  9.90138718173E-03 -7.49005797192E-05  1.00000000000E+00
 1.76234280572E-02  9.99579925504E-03 -2.04753049962E-05  1.00000000000E+00
 1.73491535348E-02  9.94978835931E-03  8.28842237974E-06  1.00000000000E+00
 1.73924049339E-02  1.01231742247E-02 -4.65197174829E-05  1.00000000000E+00
 1.73953959169E-02  9.92331899732E-03  1.29785413094E-04  1.00000000000E+00
 1.76015576522E-02  1.00101936144E-02 -1.50175969221E-04  1.00000000000E+00
 1.73986134306E-02  9.91267633220E-03 -3.83133249536E-05  1.00000000000E+00
 1.75836677220E-02  1.01416424379E-02 -5.70800328181E-05  1.00000000000E+00
 1.73996868794E-02  9.88852339625E-03 -7.96643293236E-05  1.00000000000E+00
 1.73581191963E-02  1.00206711947E-02 -9.98401983256E-05  1.00000000000E+00
 1.73973393314E-02  1.00239889804E-02  1.52426763872E-04  1.00000000000E+00
 1.75325681349E-02  9.86720011456E-03 -1.00818701017E-04  1.00000000000E+00
 1.76180049351E-02  1.00967938811E-02  8.87769027379E-05  1.00000000000E+00
 1.73671239298E-02  1.00022117298E-02 -1.15004189656E-04  1.00000000000E+00
 1.75132872091E-02  9.99727293582E-03 -1.49291420413E-04  1.00000000000E+00
 1.75982785773E-02  9.98015331231E-03 -8.96846145848E-05  1.00000000000E+00
 1.74649809688E-02  9.93811730642E-03 -4.14819441490E-05  1.00000000000E+00
 1.74785021044E-02  9.98024431679E-03  1.11182382396E-04  1.00000000000E+00
 1.76045589795E-02  9.85379559576E-03  5.07502462868E-05  1.00000000000E+00
 1.75007001449E-02  1.00753132679E-02 -1.46552944116E-04  1.00000000000E+00
 1.74917793834E-02  1.00936485885E-02  1.33392670320E-04  1.00000000000E+00
 1.73798429716E-02  9.95876268846E-03 -1.05891963797E-05  1.00000000000E+00
 1.74761489574E-02  9.99017666822E-03 -8.16399099303E-05  1.00000000000E+00
 1.75551440287E-02  9.95228236734E-03  3.15007966795E-05  1.00000000000E+00
 1.75782155779E-02  1.00006065109E-02  6.98328280892E-05  1.00000000000E+00
 1.73865539588E-02  1.00057485407E-02  3.86280757268E-06  1.00000000000E+00
 1.76110411343E-02  1.00025263245E-02  1.30530448697E-04  1.00000000000E+00
 1.74903423843E-02  9.93668606358E-03 -2.66306242298E-05  1.00000000000E+00
 1.74824832049E-02  1.00602127806E-02 -1.79137162002E-04  1.00000000000E+00
 1.76325043436E-02  9.92416102279E-03  1.28832165111E-04  1.00000000000E+00
 1.74572190548E-02  9.99992256683E-03 -5.46887998037E-05  1.00000000000E+00
 1.74418872270E-02  1.00328300906E-02  1.12827194081E-04  1.00000000000E+00
 1.75126773574E-02  9.94111544114E-03 -1.16554066924E-04  1.00000000000E+00
 1.73715256378E-02  1.00632379626E-02  4.46959721786E-05  1.00000000000E+00
 1.75022533876E-02  1.00347207028E-02  1.76230525704E-04  1.00000000000E+00
 1.76723328714E-02  1.00009853693E-02 -3.22717329552E-05  1.00000000000E+00
 1.75476502037E-02  1.00857715936E-02 -6.43491835251E-05  1.00000000000E+00
 1.74035776274E-02  1.00859302175E-02  4.32033194536E-05  1.00000000000E+00
 1.76065140698E-02  1.00745066513E-02  1.25163626487E-04  1.00000000000E+00
 1.76354901737E-02  1.00987023442E-02 -7.08908947049E-06  1.00000000000E+00
 1.74048911073E-02  1.01140505585E-02  5.41136335006E-05  1.00000000000E+00
 1.75036313827E-02  1.00144068623E-02 -1.70107677555E-04  1.00000000000E+00
 1.75396329516E-02  9.95975749830E-03  2.41073868607E-05  1.00000000000E+00
 1.75813397655E-02  9.96267816545E-03  1.56820896202E-04  1.00000000000E+00
 1.74151233323E-02  9.90108619395E-03 -3.87445876460E-05  1.00000000000E+00
 1.74138628011E-02  1.01090768163E-02  1.33054810052E-04  1.00000000000E+00
 1.74328877628E-02  1.00961381162E-02 -7.06720327212E-05  1.00000000000E+00
 1.74492067284E-02  9.90154749587E-03 -6.72750542095E-05  1.00000000000E+00
 1.74940728887E-02  1.00142809794E-02 -1.66257017610E-04  1.00000000000E+00
 1.74262112452E-02  9.95347869628E-03 -3.86782391602E-05  1.00000000000E+00
 1.74920141415E-02  9.97034880972E-03 -1.70388967078E-04  1.00000000000E+00
 1.73877298330E-02  1.00577144128E-02  1.31505605204E-04  1.00000000000E+00
 1.73623576791E-02  9.95361885919E-03  2.60825667258E-05  1.00000000000E+00
 1.75657028945E-02  1.00097437271E-02  2.61162647686E-05  1.00000000000E+00
 1.74408933638E-02  1.00662387635E-02  9.07440974622E-05  1.00000000000E+00
 1.74608501601E-02  1.01259649912E-02  9.75728114536E-05  1.00000000000E+00
 1.76618975956E-02  9.98669932339E-03 -6.19112276068E-05  1.00000000000E+00
 1.74740840309E-02  1.00476009257E-02  1.82993621358E-05  1.00000000000E+00
 1.74077045545E-02  9.99325638639E-03  1.65682881720E-04  1.00000000000E+00
 1.73944632490E-02  1.00617926791E-02  9.71386543669E-05  1.00000000000E+00
 1.73659562166E-02  9.95410797505E-03 -8.48865697236E-05  1.00000000000E+00
 1.75313564817E-02  1.01913183642E-02  2.71519296451E-05  1.00000000000E+00
 1.76461059924E-02  1.00514022235E-02  4.96041008691E-06  1.00000000000E+00
 1.74565765537E-02  9.94745361919E-03 -8.19127850514E-05  1.00000000000E+00
 1.73952667224E-02  9.93509155698E-03  5.32559518411E-05  1.00000000000E+00
 1.74288216181E-02  9.85757123781E-03  1.03943685462E-04  1.00000000000E+00
 1.75201567595E-02  1.00146092078E-02  8.41884153975E-05  1.00000000000E+00
 1.75767315572E-02  1.00401297044E-02  4.20931704315E-05  1.00000000000E+00
 1.75839646721E-02  9.83551825744E-03 -1.30671291130E-06  1.00000000000E+00
 1.73841157684E-02  9.95587354086E-03  4.69831586490E-06  1.00000000000E+00
 1.74415794547E-02  9.96268516277E-03  9.23479289434E-05  1.00000000000E+00
 1.75005894819E-02  1.00754525706E-02 -3.20888256612E-05  1.00000000000E+00
 1.76051634886E-02  1.00459953717E-02  2.35123021547E-05  1.00000000000E+00
 1.74926860016E-02  9.88815312071E-03  7.05580714037E-05  1.00000000000E+00
 1.75330095753E-02  9.93237245964E-03  9.31710804006E-05  1.00000000000E+00
 1.75386485219E-02  9.83830623299E-03  2.54050500242E-05  1.00000000000E+00
 1.75920462022E-02  9.83659136538E-03  3.52374877641E-05  1.00000000000E+00
 1.73520389792E-02  9.89132476824E-03 -1.59724715805E-06  1.00000000000E+00
 1.74213956390E-02  1.00937686968E-02 -9.14755964147E-05  1.00000000000E+00
 1.73068782191E-02  1.00151288529E-02 -8.10302591889E-06  1.00000000000E+00
 1.74939866827E-02  9.81642570944E-03 -7.25014449669E-05  1.00000000000E+00
 1.73879953375E-02  9.86976282137E-03 -7.33577410455E-05  1.00000000000E+00
 1.76524867071E-02  9.89257706386E-03  5.96635301034E-05  1.00000000000E+00
 1.75935992726E-02  1.00701122335E-02 -1.24501815139E-04  1.00000000000E+00
 1.74399202898E-02  9.90886281536E-03  1.54585319419E-05  1.00000000000E+00
 1.75862825569E-02  1.01671693829E-02 -1.56738157744E-05  1.00000000000E+00
 1.74690220036E-02  1.01584611885E-02  1.44629245850E-05  1.00000000000E+00
 1.74761975317E-02  9.93082061224E-03  4.74938169498E-06  1.00000000000E+00
 1.74377293343E-02  1.01450352055E-02  9.42419759093E-05  1.00000000000E+00
 1.74535827444E-02  9.85034658841E-03  8.39378288759E-05  1.00000000000E+00
 1.75466800733E-02  1.00064991795E-02  3.01821112293E-05  1.00000000000E+00
 1.74663444853E-02  9.98748473586E-03 -4.34295147961E-05  1.00000000000E+00
 1.75693954482E-02  1.00997672697E-02 -1.32828384542E-04  1.00000000000E+00
 1.73806046791E-02  9.89628444938E-03  3.94040476620E-05  1.00000000000E+00
 1.74625970336E-02  1.01550121213E-02  1.91868669171E-05  1.00000000000E+00
 1.75102545088E-02  9.88739755598E-03 -1.63657098438E-04  1.00000000000E+00
 1.73781233446E-02  1.00307305471E-02  5.56133765609E-05  1.00000000000E+00
 1.74726546007E-02  9.95795903464E-03  5.64109144001E-05  1.00000000000E+00
 1.74048377802E-02  1.01201801791E-02  5.60198921868E-05  1.00000000000E+00
 1.76075439179E-02  9.88236305625E-03  5.77976704677E-05  1.00000000000E+00
 1.76898878878E-02  9.97621619169E-03  7.17890465887E-06  1.00000000000E+00
 1.74887359860E-02  1.00417085477E-02  1.34371771362E-04  1.00000000000E+00
 1.74160075408E-02  9.93161777776E-03  8.82594553740E-05  1.00000000000E+00
 1.75657125053E-02  1.00858089992E-02  1.50913905116E-04  1.00000000000E+00
 1.75450418372E-02  1.00616286072E-02 -1.07961002406E-04  1.00000000000E+00
 1.75533416103E-02  1.00956836095E-02 -1.41764494432E-04  1.00000000000E+00
 1.75031504641E-02  9.92807765807E-03  8.98734065163E-05  1.00000000000E+00
 1.74437976924E-02  1.01244573469E-02 -1.23352148532E-04  1.00000000000E+00
 1.74763505700E-02  9.91511765310E-03  6.44846563192E-05  1.00000000000E+00
 1.75106858289E-02  1.01320392478E-02 -4.28835049294E-06  1.00000000000E+00
 1.73621383565E-02  9.85944173299E-03  2.90492636841E-05  1.00000000000E+00
 1.74880786585E-02  9.83411320055E-03 -5.33314596194E-05  1.00000000000E+00
 1.75357380870E-02  9.98626113183E-03 -9.59825672593E-05  1.00000000000E+00
 1.75343374141E-02  1.00810862320E-02  1.17199860145E-04  1.00000000000E+00
 1.73649896748E-02  1.00501214329E-02  7.15303177311E-05  1.00000000000E+00
 1.75324695019E-02  1.00911016845E-02  7.11345422226E-06  1.00000000000E+00
 1.76818560257E-02  1.00600741474E-02  5.12190706825E-05  1.00000000000E+00
 1.76067646619E-02  9.85770324726E-03  5.47314315184E-05  1.00000000000E+00
 1.75482455944E-02  9.82716555925E-03 -8.82246253030E-05  1.00000000000E+00
 1.74078125168E-02  9.98713341527E-03  1.12026054436E-04  1.00000000000E+00
 1.74331428804E-02  1.00549005103E-02 -4.38053789569E-05  1.00000000000E+00
 1.76104596141E-02  1.00370215735E-02 -1.42401640869E-04  1.00000000000E+00
 1.76498893589E-02  1.01060865439E-02 -3.16675645761E-05  1.00000000000E+00
 1.76696035719E-02  9.91929574637E-03 -2.19368170230E-05  1.00000000000E+00
 1.75542744466E-02  9.89476016701E-03  5.89135803635E-05  1.00000000000E+00
 1.76613091432E-02  9.92251027550E-03 -5.28309847565E-05  1.00000000000E+00
 1.74799758554E-02  9.95452707400E-03  5.73289675930E-05  1.00000000000E+00
 1.75488024347E-02  9.96954731783E-03  4.45156360953E-05  1.00000000000E+00
 1.75275794796E-02  1.00070231384E-02 -1.35870737322E-04  1.00000000000E+00
 1.74028389937E-02  9.99391880894E-03 -1.16674534537E-05  1.00000000000E+00
 1.75061553341E-02  9.85308388057E-03 -1.03648821076E-06  1.00000000000E+00
 1.74355553456E-02  1.00833997479E-02  1.44300332112E-04  1.00000000000E+00
 1.75488137893E-02  1.01681627399E-02 -6.78305852106E-05  1.00000000000E+00
 1.76117449192E-02  9.85100667763E-03  5.63890222428E-05  1.00000000000E+00
 1.74765626495E-02  1.00748873408E-02 -5.83849566350E-05  1.00000000000E+00
 1.76396290226E-02  9.96405349781E-03  3.36311462687E-05  1.00000000000E+00
 1.76945817890E-02  1.00230548763E-02 -1.88679005771E-05  1.00000000000E+00
 1.75803165268E-02  1.00618328735E-02 -1.05022581240E-04  1.00000000000E+00
 1.76363653281E-02  1.00403128182E-02 -7.94509700580E-05  1.00000000000E+00
 1.75107358370E-02  1.00231609931E-02  7.11113075536E-05  1.00000000000E+00
 1.76012344192E-02  9.98093388631E-03 -1.20641358963E-04  1.00000000000E+00
 1.74497944232E-02  1.00677818375E-02 -1.55103705480E-05  1.00000000000E+00
 1.75183436190E-02  1.01750133081E-02 -3.98707210575E-05  1.00000000000E+00
 1.75961953433E-02  9.89833385921E-03  1.34667551849E-04  1.00000000000E+00
 1.75736049657E-02  9.97782791902E-03 -1.33713750645E-04  1.00000000000E+00
 1.75818533386E-02  1.00283770324E-02  2.42871981219E-05  1.00000000000E+00
 1.75521316968E-02  9.95257416728E-03 -9.74032589099E-05  1.00000000000E+00
 1.74535363294E-02  9.98524630262E-03  3.78332749149E-05  1.00000000000E+00
 1.75238989825E-02  9.94720720704E-03 -2.98150907761E-05  1.00000000000E+00
 1.75409894861E-02  9.91331625088E-03  5.24623189521E-06  1.00000000000E+00
 1.74891607333E-02  1.01411704354E-02  9.49998184072E-05  1.00000000000E+00
 1.74897070277E-02  1.01153517811E-02  8.11826148221E-05  1.00000000000E+00
 1.75206880663E-02  9.81316894141E-03 -3.44227883456E-05  1.00000000000E+00
 1.74867981577E-02  1.01813816335E-02 -2.36555237539E-05  1.00000000000E+00
 1.75773948749E-02  1.01763984488E-02 -3.80210768776E-05  1.00000000000E+00
 1.74908702037E-02  1.00974806915E-02  9.56964788277E-05  1.00000000000E+00
 1.76467798856E-02  1.01078499401E-02 -3.24477003548E-05  1.00000000000E+00
 1.74523865216E-02  1.00579958877E-02  1.04605098487E-04  1.00000000000E+00
 1.75215178430E-02  1.00511614336E-02  5.40834167258E-05  1.00000000000E+00
 1.75693384721E-02  9.86160317182E-03  6.98319221274E-05  1.00000000000E+00
 1.75344772420E-02  1.00402703831E-02 -1.21259106765E-05  1.00000000000E+00
 1.74478698233E-02  9.96749628728E-03  1.65397094446E-04  1.00000000000E+00
 1.74756604700E-02  9.97634650561E-03 -1.73670111055E-04  1.00000000000E+00
 1.73907028556E-02  9.93256020913E-03 -4.93068455933E-05  1.00000000000E+00
 1.75499614934E-02  9.86239646430E-03  1.28714826378E-04  1.00000000000E+00
 1.76672816327E-02  9.97490258716E-03 -2.73985946789E-05  1.00000000000E+00
 1.74131304882E-02  1.01191744247E-02 -7.92771327758E-05  1.00000000000E+00
 1.74845222267E-02  9.82394067575E-03  6.03331855271E-05  1.00000000000E+00
 1.75534380296E-02  1.00192789940E-02 -1.17659573622E-04  1.00000000000E+00
 1.76703113797E-02  9.94753899278E-03 -8.21640035247E-05  1.00000000000E+00
 1.73460523441E-02  1.00870488908E-02 -2.17255324507E-05  1.00000000000E+00
 1.75005645088E-02  1.01551946496E-02  1.59425321277E-05  1.00000000000E+00
 1.75045783404E-02  9.83229877539E-03  2.61738883921E-06  1.00000000000E+00
 1.75114516584E-02  9.92965888548E-03  7.94990675803E-05  1.00000000000E+00
 1.75186445278E-02  1.01635208854E-02 -1.03129882914E-04  1.00000000000E+00
 1.75773820582E-02  9.86099415304E-03 -3.79631285375E-05  1.00000000000E+00
 1.76109562575E-02  9.94573997776E-03 -8.65502806235E-05  1.00000000000E+00
 1.73572492160E-02  1.00962304970E-02  7.71149015709E-05  1.00000000000E+00
 1.74958208136E-02  9.99356167515E-03 -1.49680181517E-04  1.00000000000E+00
 1.73688768057E-02  1.00626145552E-02  1.25292327246E-04  1.00000000000E+00
 1.73971836756E-02  1.01197011840E-02  1.07777914712E-04  1.00000000000E+00
 1.74576319785E-02  1.01865262918E-02 -3.15480603663E-05  1.00000000000E+00
 1.75535713646E-02  9.86838106959E-03 -1.20301086093E-04  1.00000000000E+00
 1.75267677147E-02  1.00373198839E-02 -3.67954841699E-05  1.00000000000E+00
 1.76254074535E-02  1.00713509024E-02 -9.67777818287E-05  1.00000000000E+00
 1.76559343827E-02  9.89368182893E-03  1.94533223464E-05  1.00000000000E+00
 1.76012333419E-02  1.01563425308E-02 -1.84472922214E-05  1.00000000000E+00
 1.75186961670E-02  9.97985565541E-03  4.76312576584E-05  1.00000000000E+00
 1.74339015453E-02  1.01287854414E-02 -5.39129521935E-05  1.00000000000E+00
 1.74919577237E-02  1.01604206450E-02  8.89464994690E-05  1.00000000000E+00
 1.75935217078E-02  1.00546577984E-02  1.60299395764E-04  1.00000000000E+00
 1.75899678912E-02  1.00525898573E-02  1.68342403725E-04  1.00000000000E+00
 1.73752769846E-02  1.00993500426E-02 -3.46471078468E-05  1.00000000000E+00
 1.74569219743E-02  9.86154164576E-03 -2.84542310796E-05  1.00000000000E+00
 1.76611295332E-02  9.96847196913E-03  1.53908751258E-05  1.00000000000E+00
 1.74697374269E-02  9.98563891983E-03 -9.96773552738E-05  1.00000000000E+00
 1.74260483809E-02  9.90097976542E-03 -8.60410291689E-05  1.00000000000E+00
 1.75054963140E-02  1.00008491731E-02 -3.12488577597E-05  1.00000000000E+00
 1.75924023350E-02  1.01045218510E-02  8.89479310401E-05  1.00000000000E+00
 1.74398723231E-02  9.98869995035E-03 -2.20382197026E-05  1.00000000000E+00
 1.75976363681E-02  1.00813816932E-02 -1.00390029604E-05  1.00000000000E+00
 1.74422987587E-02  9.92314472327E-03 -1.73326014819E-04  1.00000000000E+00
 1.73389574235E-02  1.01153264928E-02 -1.87374424074E-05  1.00000000000E+00
 1.74760907735E-02  1.00779257416E-02 -1.38187582824E-04  1.00000000000E+00
 1.76129990070E-02  1.01381280698E-02 -3.49920588392E-06  1.00000000000E+00
 1.76100991042E-02  9.94430802739E-03  4.27644629420E-06  1.00000000000E+00
 1.74575356269E-02  1.00140421797E-02  1.58306049094E-04  1.00000000000E+00
 1.73107910230E-02  9.98834824585E-03  2.94677213536E-05  1.00000000000E+00
 1.73202163760E-02  1.00515493645E-02  2.52482775908E-05  1.00000000000E+00
 1.75252598949E-02  9.83238026292E-03 -5.73010119201E-05  1.00000000000E+00
 1.73522314664E-02  9.98716662500E-03 -5.17516283907E-05  1.00000000000E+00
 1.74319337878E-02  1.01527193937E-02  4.96979525004E-05  1.00000000000E+00
 1.74461167877E-02  1.01082092613E-02  6.28593497111E-05  1.00000000000E+00
 1.74900208277E-02  9.96184059868E-03 -1.14420363035E-04  1.00000000000E+00
 1.74671044882E-02  9.90672512634E-03 -5.47762384433E-06  1.00000000000E+00
 1.76239112741E-02  1.01047844363E-02  5.12277894347E-05  1.00000000000E+00
 1.74287401598E-02  9.91654909790E-03  1.24158833772E-04  1.00000000000E+00
 1.75819573651E-02  1.01213234103E-02 -1.11171259180E-06  1.00000000000E+00
 1.73387595848E-02  1.00345037151E-02 -2.21027769769E-05  1.00000000000E+00
 1.74272198891E-02  9.83499268192E-03 -7.35551918650E-05  1.00000000000E+00
 1.74089241622E-02  9.94250487585E-03  8.53336274592E-05  1.00000000000E+00
 1.73466533724E-02  9.95153642989E-03  1.03546322369E-04  1.00000000000E+00
 1.73756889661E-02  1.00598351190E-02  5.57665830450E-05  1.00000000000E+00
 1.73679020847E-02  1.00231106822E-02 -9.90319562380E-06  1.00000000000E+00
 1.73357002210E-02  9.98554483797E-03  6.52722333098E-05  1.00000000000E+00
 1.75528654013E-02  1.01339725536E-02  4.30050548675E-05  1.00000000000E+00
 1.73867618616E-02  1.00990526167E-02 -7.91479383553E-05  1.00000000000E+00
 1.75810659893E-02  1.01056265573E-02  5.06684844928E-05  1.00000000000E+00
 1.75587182129E-02  9.96147268790E-03  1.57124939249E-04  1.00000000000E+00
 1.73845686693E-02  1.00080484444E-02  1.60585492153E-04  1.00000000000E+00
 1.74430326035E-02  1.00942449077E-02  1.47626790110E-04  1.00000000000E+00
 1.75634613777E-02  9.83631802300E-03  6.54059476952E-06  1.00000000000E+00
 1.73225046251E-02  9.93965692572E-03 -2.00601738154E-07  1.00000000000E+00
 1.74759898556E-02  9.83981284011E-03  1.00646699145E-04  1.00000000000E+00
 1.75188960532E-02  1.00641273513E-02  1.44147945474E-04  1.00000000000E+00
 1.75358948051E-02  1.00549957778E-02 -7.52247005284E-06  1.00000000000E+00
 1.75017218232E-02  1.00651863184E-02 -9.20220232794E-05  1.00000000000E+00
 1.74183967561E-02  1.00491915276E-02  4.86959544326E-05  1.00000000000E+00
 1.73720783987E-02  9.87828410119E-03  1.93735471640E-05  1.00000000000E+00
 1.73194188042E-02  1.00120660990E-02  1.13819109245E-05  1.00000000000E+00
 1.75450655894E-02  1.00186263643E-02  6.35813903087E-05  1.00000000000E+00
 1.73906956553E-02  9.93234839139E-03 -2.24654333343E-06  1.00000000000E+00
 1.75669961786E-02  1.01063703747E-02  7.00904072759E-05  1.00000000000E+00
 1.74439381121E-02  9.95312544699E-03  5.97704558120E-05  1.00000000000E+00
 1.75120656837E-02  1.00714090526E-02 -5.27362886191E-05  1.00000000000E+00
 1.74674900270E-02  9.95685471213E-03 -1.84146071683E-04  1.00000000000E+00
 1.75947381920E-02  1.00275849700E-02  1.54379300612E-04  1.00000000000E+00
 1.75951627553E-02  9.96596165345E-03  1.10178357962E-04  1.00000000000E+00
 1.76566446894E-02  9.92656328306E-03 -8.77726707368E-05  1.00000000000E+00
 1.74179432505E-02  1.01546603932E-02 -6.30996241461E-05  1.00000000000E+00
 1.74653397754E-02  9.93187667969E-03 -9.35095950473E-05  1.00000000000E+00
 1.76480394194E-02  9.97746673760E-03  1.36859575870E-05  1.00000000000E+00
 1.74605351587E-02  9.93413623550E-03 -3.85631144286E-05  1.00000000000E+00
 1.76579543196E-02  9.91212707141E-03  7.86913305946E-05  1.00000000000E+00
 1.74195105594E-02  9.97142821771E-03  9.59029013738E-05  1.00000000000E+00
 1.73549367998E-02  1.00251775390E-02  5.84354381534E-05  1.00000000000E+00
 1.74464828524E-02  9.83832089119E-03 -4.68330643888E-06  1.00000000000E+00
 1.73895115726E-02  1.00388770180E-02 -2.24040043263E-05  1.00000000000E+00
 1.76169878950E-02  9.92986468425E-03 -2.17622697739E-05  1.00000000000E+00
 1.75841970901E-02  1.00184957448E-02  1.01834786208E-04  1.00000000000E+00
 1.74585233182E-02  9.82492244896E-03 -6.26156615162E-05  1.00000000000E+00
 1.75356765453E-02  9.93128423412E-03 -7.31425402157E-06  1.00000000000E+00
 1.74972761550E-02  9.89800461645E-03  1.48506944521E-04  1.00000000000E+00
 1.76246584732E-02  1.00502095466E-02  1.42562249724E-04  1.00000000000E+00
 1.75975979222E-02  1.01378476109E-02  7.73134382594E-05  1.00000000000E+00
 1.76165068429E-02  1.01276650666E-02 -9.12860617989E-05  1.00000000000E+00
 1.76274442831E-02  9.93182365983E-03  4.27251134978E-05  1.00000000000E+00
 1.74956791037E-02  9.97787427904E-03  4.36045984168E-05  1.00000000000E+00
 1.73626690450E-02  9.96847158034E-03  1.02752955293E-04  1.00000000000E+00
 1.75566455060E-02  9.85546567114E-03 -3.19368606168E-05  1.00000000000E+00
 1.74438312530E-02  1.00363516753E-02  1.25381028898E-04  1.00000000000E+00
 1.73765928210E-02  1.01173686291E-02 -4.95119830078E-05  1.00000000000E+00
 1.74057241987E-02  1.00359645225E-02 -2.28298726422E-05  1.00000000000E+00
 1.76504301213E-02  1.00947418682E-02 -1.04971736227E-05  1.00000000000E+00
 1.75086952472E-02  1.00384314261E-02 -4.17940676484E-05  1.00000000000E+00
 1.75854165757E-02  1.01419008220E-02 -6.52213835288E-05  1.00000000000E+00
 1.73650956696E-02  1.00905356280E-02 -8.75649952897E-05  1.00000000000E+00
 1.74511929606E-02  9.92071994189E-03 -9.77334746399E-05  1.00000000000E+00
 1.73307487240E-02  1.00277785785E-02  1.42769994360E-05  1.00000000000E+00
 1.75865087527E-02  1.01176570299E-02  1.09094748406E-04  1.00000000000E+00
 1.76242023733E-02  9.86383858253E-03  4.22380733143E-05  1.00000000000E+00
 1.75433270694E-02  1.01496130286E-02 -2.48395837064E-05  1.00000000000E+00
 1.74040683634E-02  1.00146486761E-02 -2.55981363873E-06  1.00000000000E+00
 1.74970286600E-02  1.00634173608E-02  8.39328256518E-06  1.00000000000E+00
 1.74490805472E-02  1.00181467974E-02  1.16261118653E-04  1.00000000000E+00
 1.76534854442E-02  1.00480959634E-02  6.22277447873E-05  1.00000000000E+00
 1.76577407883E-02  1.01167956717E-02  3.23083171361E-05  1.00000000000E+00
 1.73401790121E-02  1.00256345545E-02 -5.91567306568E-05  1.00000000000E+00
 1.75893062115E-02  1.01349187900E-02  3.87911585245E-05  1.00000000000E+00
 1.74722607361E-02  9.98600980429E-03  1.25095757855E-04  1.00000000000E+00
 1.73702018788E-02  1.00291568710E-02  1.51706012116E-05  1.00000000000E+00
 1.73363570873E-02  9.95735773857E-03  3.91006057717E-05  1.00000000000E+00
 1.75936027235E-02  1.00603631870E-02 -1.56995201022E-04  1.00000000000E+00
 1.76463306994E-02  9.95780319692E-03  1.26543454179E-04  1.00000000000E+00
 1.73684637810E-02  9.95211668618E-03  6.81740919317E-05  1.00000000000E+00
 1.75520351512E-02  1.00075161999E-02  1.69255422097E-04  1.00000000000E+00
 1.76246235083E-02  1.00383410431E-02  7.10661024816E-05  1.00000000000E+00
 1.74660796985E-02  1.00051607340E-02  5.21032126179E-05  1.00000000000E+00
 1.76349632288E-02  9.87999118667E-03 -1.69103630545E-05  1.00000000000E+00
 1.73476727643E-02  1.01029401521E-02 -6.80194892499E-05  1.00000000000E+00
 1.74219002420E-02  9.85755355114E-03  3.05527142303E-05  1.00000000000E+00
 1.74660343119E-02  9.82210593505E-03 -4.69653523037E-05  1.00000000000E+00
 1.76429902790E-02  9.99907621492E-03  1.16950435579E-04  1.00000000000E+00
 1.76141555554E-02  9.96401023496E-03 -4.51403852441E-05  1.00000000000E+00
 1.75240380008E-02  9.97702468301E-03  4.91753598712E-05  1.00000000000E+00
 1.75099231548E-02  9.88632988487E-03 -4.01692822986E-05  1.00000000000E+00
 1.73896985727E-02  1.00915387365E-02  1.61164018841E-05  1.00000000000E+00
 1.73455158923E-02  1.00476673393E-02  5.50570934885E-05  1.00000000000E+00
 1.75113063235E-02  1.01157741969E-02  1.85954732183E-05  1.00000000000E+00
 1.74025652171E-02  1.01062208020E-02 -5.34270193049E-05  1.00000000000E+00
 1.75452462443E-02  1.01118045640E-02  1.44581812429E-04  1.00000000000E+00
 1.76097154381E-02  1.01005834676E-02  3.57378967591E-05  1.00000000000E+00
 1.73772798757E-02  1.00664568278E-02  7.77522410135E-05  1.00000000000E+00
 1.74072377398E-02  9.94844115028E-03 -8.24686883148E-05  1.00000000000E+00
 1.73779041735E-02  9.93621756802E-03 -1.03527545991E-04  1.00000000000E+00
 1.76323121226E-02  9.87520620133E-03 -4.86188706110E-05  1.00000000000E+00
 1.75139729887E-02  9.90057497521E-03 -1.32445755690E-04  1.00000000000E+00
 1.75134317060E-02  9.81749277870E-03 -2.65110144469E-05  1.00000000000E+00
 1.75000496476E-02  9.96887646220E-03  2.11408595828E-05  1.00000000000E+00
 1.73717872117E-02  1.01190019343E-02 -8.51541378151E-05  1.00000000000E+00
 1.76387705827E-02  1.00956701450E-02 -8.21222151102E-05  1.00000000000E+00
 1.74944154736E-02  9.91778757050E-03  1.76078769316E-04  1.00000000000E+00
 1.76395899800E-02  1.00155961292E-02  7.58950687663E-05  1.00000000000E+00
 1.74074258325E-02  9.93108362832E-03  1.55680903781E-04  1.00000000000E+00
 1.75509556721E-02  1.00026578818E-02 -1.74920687276E-04  1.00000000000E+00
 1.76062939330E-02  9.96041957071E-03 -7.15306306215E-06  1.00000000000E+00
 1.74575576431E-02  9.91675092764E-03 -1.57103704139E-04  1.00000000000E+00
 1.74617066294E-02  1.00967293394E-02  9.50730850630E-06  1.00000000000E+00
 1.75607144538E-02  1.01799065623E-02  1.41202199616E-05  1.00000000000E+00
 1.73581660548E-02  9.94333391334E-03  4.30520846310E-06  1.00000000000E+00
 1.74728328341E-02  9.85963680426E-03  3.92721492017E-05  1.00000000000E+00
 1.75053517828E-02  1.00425683525E-02 -1.00849163228E-04  1.00000000000E+00
 1.73415707282E-02  1.00733355298E-02  9.19610147245E-06  1.00000000000E+00
 1.73879061818E-02  1.00353158322E-02 -6.38858727802E-05  1.00000000000E+00
 1.76213489468E-02  9.98006413519E-03 -1.49074742084E-04  1.00000000000E+00
 1.75685564610E-02  9.97569986264E-03  8.35216798812E-05  1.00000000000E+00
 1.74373070202E-02  9.92851710510E-03 -1.02999154283E-04  1.00000000000E+00
 1.74411468587E-02  9.94481244676E-03 -5.66297653024E-05  1.00000000000E+00
 1.74167299061E-02  9.87879699693E-03  6.20157550617E-05  1.00000000000E+00
 1.73969693333E-02  1.00260946694E-02  1.05560196111E-04  1.00000000000E+00
 1.75670748545E-02  9.92695334746E-03  5.33312103037E-05  1.00000000000E+00
 1.75515234091E-02  9.80829454084E-03 -1.56643084436E-05  1.00000000000E+00
 1.75530900715E-02  9.95263231162E-03 -1.35828799828E-04  1.00000000000E+00
 1.76458563156E-02  9.99855642395E-03 -7.51622719592E-05  1.00000000000E+00
 1.76163133275E-02  1.00945636322E-02  1.45531276271E-05  1.00000000000E+00
 1.75238477978E-02  1.00359883214E-02  9.06119072547E-05  1.00000000000E+00
 1.75459421946E-02  9.98126270369E-03 -2.00352448360E-05  1.00000000000E+00
 1.73842931245E-02  1.00442462066E-02  2.15696939644E-05  1.00000000000E+00
 1.75691224200E-02  1.00379305199E-02  1.02974575908E-04  1.00000000000E+00
 1.74832111763E-02  1.00267443158E-02  1.70259801724E-04  1.00000000000E+00
 1.74055642174E-02  1.00649935672E-02  9.51781991749E-05  1.00000000000E+00
 1.76851712158E-02  1.00054901489E-02 -1.91147582332E-05  1.00000000000E+00
 1.73413009879E-02  1.00348657096E-02 -7.55821903864E-05  1.00000000000E+00
 1.75751997175E-02  1.00864865286E-02  1.46410201016E-04  1.00000000000E+00
 1.75228945947E-02  1.00283501258E-02  6.71102851779E-05  1.00000000000E+00
 1.74850372258E-02  1.00067300518E-02  1.62751850545E-04  1.00000000000E+00
 1.74998569093E-02  9.89460747026E-03  1.42908271879E-04  1.00000000000E+00
 1.75058813939E-02  1.01137201635E-02 -9.43580621457E-05  1.00000000000E+00
 1.76779846869E-02  9.96055306376E-03 -2.12585422168E-05  1.00000000000E+00
 1.74907032886E-02  9.93239347045E-03  1.03432023104E-04  1.00000000000E+00
 1.75304916107E-02  1.00413961260E-02  4.03812342120E-05  1.00000000000E+00
 1.74177632424E-02  9.93668898551E-03 -1.63532238741E-04  1.00000000000E+00
 1.74539988144E-02  9.90490412955E-03 -6.05305275966E-05  1.00000000000E+00
 1.75498929498E-02  1.00739993004E-02  9.93969612307E-05  1.00000000000E+00
 1.74865896888E-02  9.99030243782E-03 -1.66786399694E-04  1.00000000000E+00
 1.74138924357E-02  9.99044901444E-03  1.62377581128E-05  1.00000000000E+00
 1.74390335589E-02  9.89332657490E-03  1.49654095295E-04  1.00000000000E+00
 1.73190662097E-02  9.97807027338E-03 -4.84560529990E-05  1.00000000000E+00
 1.75712738485E-02  9.98368528476E-03 -9.99819182986E-05  1.00000000000E+00
 1.75786355531E-02  9.98608539135E-03  7.82219015596E-05  1.00000000000E+00
 1.75951790077E-02  1.00247872116E-02 -9.42669477919E-05  1.00000000000E+00
 1.75642353558E-02  1.01306705522E-02 -8.60412961184E-05  1.00000000000E+00
 1.73272948305E-02  9.99264736052E-03 -6.46107695535E-05  1.00000000000E+00
 1.74337547160E-02  9.81891271692E-03  7.97267925167E-06  1.00000000000E+00
 1.74768828437E-02  1.00829662204E-02  7.13101858429E-05  1.00000000000E+00
 1.73811818114E-02  1.00956146035E-02  2.45673574324E-05  1.00000000000E+00
 1.73598771328E-02  1.00861387886E-02  2.88194015397E-05  1.00000000000E+00
 1.75162693932E-02  9.97340455109E-03 -2.13180355356E-05  1.00000000000E+00
 1.73687865914E-02  9.94427786754E-03  7.01865026221E-05  1.00000000000E+00
 1.76396368678E-02  1.00944519232E-02  5.05006500308E-05  1.00000000000E+00
 1.75191028273E-02  9.96297947880E-03 -1.92508735152E-04  1.00000000000E+00
 1.74152852396E-02  1.01114802318E-02  1.05697432208E-04  1.00000000000E+00
 1.75704851231E-02  9.94838270058E-03 -1.74114178391E-04  1.00000000000E+00
 1.76199260269E-02  9.88512006055E-03  9.74790509194E-06  1.00000000000E+00
 1.75401153449E-02  1.01755962009E-02  2.23208005373E-06  1.00000000000E+00
 1.76695657316E-02  9.92748038346E-03  3.30927478063E-05  1.00000000000E+00
 1.74021654650E-02  9.90490749313E-03 -1.26030819431E-04  1.00000000000E+00
 1.76422581219E-02  9.87173059683E-03 -2.09522075336E-05  1.00000000000E+00
 1.75649888139E-02  1.01277336632E-02 -3.43907446658E-05  1.00000000000E+00
 1.73827718472E-02  9.86308363850E-03 -1.61068141681E-05  1.00000000000E+00
 1.75378411246E-02  1.00635544294E-02  3.46485933759E-05  1.00000000000E+00
 1.74764349681E-02  1.01875642893E-02  2.70444298049E-05  1.00000000000E+00
 1.74157583553E-02  1.00759491301E-02 -2.76499718336E-05  1.00000000000E+00
 1.76484021446E-02  1.00453301496E-02 -3.84164702460E-05  1.00000000000E+00
 1.74700716078E-02  9.96130909899E-03 -3.79817066758E-05  1.00000000000E+00
 1.74254438474E-02  1.01457953165E-02  3.21019219118E-06  1.00000000000E+00
 1.75782785539E-02  9.90849975111E-03 -5.04783451094E-05  1.00000000000E+00
 1.75436475974E-02  9.85322844046E-03 -9.86004629060E-05  1.00000000000E+00
 1.76788399030E-02  1.00308960491E-02  2.14910721765E-05  1.00000000000E+00
 1.76083454821E-02  1.01605148822E-02 -4.39232511383E-05  1.00000000000E+00
 1.74878478307E-02  1.00871634597E-02 -1.45983773378E-04  1.00000000000E+00
 1.75977911043E-02  9.95849016505E-03  1.31163973878E-04  1.00000000000E+00
 1.74379885683E-02  1.01190190677E-02 -8.39502276268E-05  1.00000000000E+00
 1.76786975181E-02  1.00770995354E-02 -1.36483084421E-06  1.00000000000E+00
 1.75968225968E-02  9.88099738218E-03 -8.30131629402E-05  1.00000000000E+00
 1.74388413912E-02  1.01492490517E-02  3.71895009254E-05  1.00000000000E+00
 1.74009535538E-02  9.91464359845E-03 -1.25710502085E-04  1.00000000000E+00
 1.74654642918E-02  9.93373434458E-03  3.83092479738E-05  1.00000000000E+00
 1.75098482598E-02  9.90426401451E-03 -1.56931537506E-04  1.00000000000E+00
 1.75218840061E-02  1.00229549492E-02 -1.77369007380E-04  1.00000000000E+00
 1.74365917734E-02  9.96966089787E-03 -6.43737973361E-06  1.00000000000E+00
 1.74270470914E-02  1.00677637297E-02  1.20507100907E-04  1.00000000000E+00
 1.73477289630E-02  9.96874350592E-03  6.70472415793E-05  1.00000000000E+00
 1.75181981812E-02  1.01551580361E-02  1.22616085393E-04  1.00000000000E+00
 1.75853118393E-02  9.84201484209E-03  2.15285843404E-05  1.00000000000E+00
 1.73844952653E-02  1.00569856034E-02 -3.90242184868E-05  1.00000000000E+00
 1.75546892117E-02  9.88312444353E-03 -3.53149516281E-05  1.00000000000E+00
 1.73549705424E-02  9.89425874926E-03  6.29079721430E-05  1.00000000000E+00
 1.75089185216E-02  9.96746364747E-03  1.14911434696E-04  1.00000000000E+00
 1.76989584662E-02  1.00037344552E-02 -4.87066569245E-07  1.00000000000E+00
 1.74566255494E-02  9.85967239114E-03 -7.01342903823E-05  1.00000000000E+00
 1.73216749265E-02  9.99064899250E-03  2.07082099769E-05  1.00000000000E+00
 1.74697262283E-02  9.89900198346E-03  4.92739940156E-05  1.00000000000E+00
 1.74796711339E-02  9.88074929697E-03  5.97326471686E-05  1.00000000000E+00
 1.74047434026E-02  9.99159696755E-03  1.21958620705E-04  1.00000000000E+00
 1.75676323538E-02  1.00410813278E-02  1.32930146366E-04  1.00000000000E+00
 1.74615943502E-02  9.97200325806E-03 -4.37626446272E-05  1.00000000000E+00
 1.73523536316E-02  1.00386244820E-02 -3.92635729933E-06  1.00000000000E+00
 1.76192001588E-02  1.00434270409E-02 -6.18898520403E-05  1.00000000000E+00
 1.76437119739E-02  9.91060897412E-03 -7.77694569645E-05  1.00000000000E+00
 1.76260221155E-02  9.97057498076E-03  9.24508802648E-05  1.00000000000E+00
 1.75492852667E-02  9.98121563891E-03  5.74942231961E-05  1.00000000000E+00
 1.76601573365E-02  9.95279186400E-03 -3.17002824740E-05  1.00000000000E+00
 1.73249938677E-02  1.00614535266E-02  6.97049372342E-05  1.00000000000E+00
 1.75656034771E-02  1.00481979301E-02  9.84031852226E-05  1.00000000000E+00
 1.75368262636E-02  9.96474889466E-03 -8.81523278334E-05  1.00000000000E+00
 1.73956426478E-02  9.99322894787E-03  4.18956157978E-05  1.00000000000E+00
 1.74039666575E-02  9.88164213017E-03  8.82097044574E-06  1.00000000000E+00
 1.74575269571E-02  1.01736862262E-02 -1.67054114748E-05  1.00000000000E+00
 1.74025319118E-02  1.01248899019E-02  1.97599203495E-05  1.00000000000E+00
 1.75209696293E-02  1.00789349635E-02 -4.38039000178E-05  1.00000000000E+00
 1.75802146509E-02  1.00966355281E-02  1.23518220004E-04  1.00000000000E+00
 1.73192905303E-02  9.92268711146E-03  3.31980421538E-05  1.00000000000E+00
 1.75664813830E-02  1.00385567508E-02  1.21178824964E-04  1.00000000000E+00
 1.74328356408E-02  1.00559901085E-02  1.31856955032E-05  1.00000000000E+00
 1.76369587155E-02  9.91955032307E-03  1.38690367388E-05  1.00000000000E+00
 1.74214862831E-02  1.01450792447E-02 -2.62629500855E-05  1.00000000000E+00
 1.74167989099E-02  9.95223867691E-03  9.73061988353E-05  1.00000000000E+00
 1.74213129649E-02  9.87803928584E-03 -1.02999003504E-04  1.00000000000E+00
 1.75091047166E-02  9.94581972776E-03  1.45266309578E-04  1.00000000000E+00
 1.75341152428E-02  9.99059590828E-03  7.18582752250E-05  1.00000000000E+00
 1.76245809116E-02  9.90597996118E-03 -4.39001399486E-05  1.00000000000E+00
 1.73795506269E-02  1.00415504282E-02  1.14687785686E-04  1.00000000000E+00
 1.74663762165E-02  9.93325295417E-03 -2.92165016999E-05  1.00000000000E+00
 1.75236860014E-02  9.86567462355E-03  1.43758632913E-04  1.00000000000E+00
 1.74328768206E-02  9.85589659961E-03 -8.32504721472E-05  1.00000000000E+00
 1.76003430692E-02  9.99458421244E-03  5.51437976202E-05  1.00000000000E+00
 1.74077603255E-02  1.00481003856E-02 -1.01427402692E-04  1.00000000000E+00
 1.74206343136E-02  1.00104383261E-02 -4.75940124191E-05  1.00000000000E+00
 1.75036507703E-02  9.90356387194E-03 -4.91895226863E-05  1.00000000000E+00
 1.74731606658E-02  9.98009268927E-03 -4.63650177207E-06  1.00000000000E+00
 1.75062875601E-02  1.00094338960E-02  5.15002750445E-05  1.00000000000E+00
 1.75847983237E-02  1.00938571955E-02  2.36513731579E-05  1.00000000000E+00
 1.74599385301E-02  9.91091211507E-03  9.49990618150E-05  1.00000000000E+00
 1.75403850007E-02  1.01342911595E-02 -1.25805771031E-04  1.00000000000E+00
 1.74739844856E-02  9.86933472764E-03  8.52323279585E-05  1.00000000000E+00
 1.73794928947E-02  1.00420821695E-02  1.27802806459E-05  1.00000000000E+00
 1.74819244588E-02  1.01814658216E-02  4.45513346260E-05  1.00000000000E+00
 1.74116079495E-02  9.93240395187E-03 -5.02348632227E-05  1.00000000000E+00
 1.73522894057E-02  1.00572848065E-02  1.46866473962E-05  1.00000000000E+00
 1.74351835591E-02  9.88676591080E-03 -9.95472528803E-05  1.00000000000E+00
 1.74408134688E-02  9.94157496766E-03  3.05615030093E-06  1.00000000000E+00
 1.75958761663E-02  1.00078868443E-02  1.56489613448E-04  1.00000000000E+00
 1.73252653597E-02  1.00625162882E-02  6.45114809094E-05  1.00000000000E+00
 1.76728459391E-02  1.00302878494E-02  8.42887980357E-05  1.00000000000E+00
 1.74822566504E-02  1.00509887163E-02 -4.72481050049E-05  1.00000000000E+00
 1.74376831276E-02  9.91136785234E-03 -1.43555161107E-04  1.00000000000E+00
 1.76895313461E-02  1.00266544325E-02  1.84305576061E-05  1.00000000000E+00
 1.74254290578E-02  1.01202245402E-02 -1.24596078514E-04  1.00000000000E+00
 1.75663819396E-02  1.00680176457E-02  1.74338647855E-04  1.00000000000E+00
 1.76333336688E-02  9.97779751044E-03  8.93551457800E-05  1.00000000000E+00
 1.75028149766E-02  9.85457933710E-03  1.59475029530E-05  1.00000000000E+00
 1.75877490675E-02  1.01709236302E-02  2.23287588537E-05  1.00000000000E+00
 1.74060771765E-02  1.00053828072E-02  7.80448875741E-05  1.00000000000E+00
 1.74201860155E-02  9.88280814722E-03 -8.22497874403E-05  1.00000000000E+00
 1.74676155395E-02  1.01497596942E-02 -9.24819029296E-05  1.00000000000E+00
 1.74606313333E-02  9.94165918400E-03 -1.37926022041E-04  1.00000000000E+00
 1.74573442843E-02  1.01039001089E-02 -8.86148532349E-05  1.00000000000E+00
 1.75271978426E-02  1.00270983906E-02  1.12634609613E-04  1.00000000000E+00
 1.73926880699E-02  9.95894092745E-03  5.20591519794E-05  1.00000000000E+00
 1.76566029677E-02  1.00623263301E-02  2.69461399437E-05  1.00000000000E+00
 1.74192265287E-02  9.95288860533E-03  4.52892442755E-05  1.00000000000E+00
 1.76211216947E-02  9.93948915925E-03  6.63420363003E-05  1.00000000000E+00
 1.74455009914E-02  1.00476081389E-02 -1.82280809299E-04  1.00000000000E+00
 1.74241046676E-02  1.00962315980E-02  1.08814448127E-04  1.00000000000E+00
 1.73272268440E-02  1.00682408023E-02 -2.59353969350E-05  1.00000000000E+00
 1.75708159856E-02  9.96213570690E-03 -1.08890445772E-05  1.00000000000E+00
 1.76070781558E-02  1.00449378352E-02 -1.78482603455E-05  1.00000000000E+00
 1.73771540127E-02  9.99571251773E-03  1.18172131240E-04  1.00000000000E+00
 1.75360268027E-02  1.00624357550E-02 -2.77105549339E-06  1.00000000000E+00
 1.74887104162E-02  1.00884465738E-02  7.36387954778E-05  1.00000000000E+00
 1.74466681091E-02  9.99193141645E-03 -1.72036455119E-04  1.00000000000E+00
 1.74853473942E-02  9.97698832645E-03 -1.42107853954E-04  1.00000000000E+00
 1.75591204124E-02  9.88367743965E-03 -1.45821380668E-04  1.00000000000E+00
 1.75660862819E-02  9.91442301469E-03 -1.67564990588E-04  1.00000000000E+00
 1.75918496937E-02  1.01490635978E-02  3.37588570412E-05  1.00000000000E+00
 1.76069370469E-02  1.00763721433E-02  1.51546804614E-05  1.00000000000E+00
 1.74823334658E-02  1.00221278205E-02 -8.88670617899E-05  1.00000000000E+00
 1.74407839188E-02  9.97488722815E-03  8.06014177550E-05  1.00000000000E+00
 1.75607703718E-02  9.81866303077E-03 -4.98324857062E-05  1.00000000000E+00
 1.75562689370E-02  1.01629946099E-02  6.32613748846E-05  1.00000000000E+00
 1.73245866919E-02  9.97962605801E-03 -6.72390337241E-05  1.00000000000E+00
 1.75583962741E-02  9.82468693815E-03  6.35998326423E-05  1.00000000000E+00
 1.75222613965E-02  9.83201253525E-03  9.00274882269E-05  1.00000000000E+00
 1.75482863390E-02  9.88456091750E-03  5.91362702904E-06  1.00000000000E+00
 1.74195673034E-02  9.89917836236E-03 -1.25874628563E-04  1.00000000000E+00
 1.75034168102E-02  1.00119509791E-02 -1.55649735415E-04  1.00000000000E+00
 1.75290804594E-02  1.00930162786E-02 -7.38536410453E-05  1.00000000000E+00
 1.76048153731E-02  9.96933215032E-03 -9.40661958720E-05  1.00000000000E+00
 1.73471904378E-02  9.94472475922E-03  1.15355245075E-04  1.00000000000E+00
 1.73817892405E-02  9.96966893180E-03  1.35622848902E-05  1.00000000000E+00
 1.74429222590E-02  9.98474622843E-03  2.58875435644E-05  1.00000000000E+00
 1.76471016842E-02  9.92525014681E-03  8.74467490961E-05  1.00000000000E+00
 1.75788431014E-02  1.00408977706E-02  1.60036110497E-04  1.00000000000E+00
 1.76178171576E-02  1.01253872183E-02 -3.03939260478E-05  1.00000000000E+00
 1.76543402602E-02  1.00916641596E-02 -7.37581092446E-05  1.00000000000E+00
 1.74688530963E-02  9.89560626785E-03  1.40348064567E-04  1.00000000000E+00
 1.74493406055E-02  9.95007283376E-03 -4.48775300169E-05  1.00000000000E+00
 1.75237288889E-02  9.91286305103E-03  1.27843990011E-04  1.00000000000E+00
 1.74506696935E-02  9.88299865181E-03 -1.22661626194E-04  1.00000000000E+00
 1.74348152006E-02  1.01410627602E-02 -4.89150713367E-05  1.00000000000E+00
 1.74430675044E-02  9.96609814864E-03 -7.99803765584E-05  1.00000000000E+00
 1.73683732748E-02  9.98064105415E-03 -1.44823841265E-04  1.00000000000E+00
 1.74855880563E-02  9.96369073254E-03  1.92894234150E-04  1.00000000000E+00
 1.75814444695E-02  1.00784755598E-02 -6.98134581297E-05  1.00000000000E+00
 1.73813952628E-02  1.00849612949E-02 -8.41911632930E-05  1.00000000000E+00
 1.75460714461E-02  9.83753124088E-03 -2.48350713466E-05  1.00000000000E+00
 1.75542706638E-02  1.00202268865E-02  5.54923940050E-05  1.00000000000E+00
 1.76180307386E-02  1.00393334901E-02 -5.75646747009E-05  1.00000000000E+00
 1.74642920854E-02  1.00933027824E-02 -2.65704723585E-05  1.00000000000E+00
 1.75198281702E-02  1.00772683148E-02  6.40124930610E-05  1.00000000000E+00
 1.74903113037E-02  1.00146988054E-02  5.79426029747E-05  1.00000000000E+00
 1.75829419732E-02  1.01803959526E-02  1.05632306882E-05  1.00000000000E+00
 1.73509755220E-02  9.99065324835E-03  2.68801299171E-05  1.00000000000E+00
 1.74215511756E-02  9.95451163949E-03  1.47830524626E-04  1.00000000000E+00
 1.75125167162E-02  1.00292519069E-02  1.71310547489E-04  1.00000000000E+00
 1.75380461013E-02  9.98482044334E-03 -1.28706117116E-04  1.00000000000E+00
 1.75036228701E-02  1.01523202911E-02 -4.46319005847E-05  1.00000000000E+00
 1.74352064956E-02  1.00439033733E-02  6.11396301775E-05  1.00000000000E+00
 1.74918699541E-02  9.96977584131E-03  1.05254098160E-04  1.00000000000E+00
 1.75945593456E-02  9.95290368046E-03 -1.05833370667E-04  1.00000000000E+00
 1.75350559891E-02  1.00139744867E-02  1.79432294368E-04  1.00000000000E+00
 1.75767686431E-02  1.01141728231E-02  1.34160743269E-05  1.00000000000E+00
 1.75803604280E-02  9.97477232477E-03  1.68662505216E-04  1.00000000000E+00
 1.73868116410E-02  1.00466105847E-02 -5.21499221892E-05  1.00000000000E+00
 1.74586872582E-02  1.01089090818E-02  7.04314617750E-05  1.00000000000E+00
 1.76415197295E-02  1.01233211712E-02 -4.06563018329E-06  1.00000000000E+00
 1.73417725482E-02  9.96886929082E-03  1.15741046825E-04  1.00000000000E+00
 1.74468226549E-02  1.01369972162E-02 -4.03513242134E-05  1.00000000000E+00
 1.76271680861E-02  1.01036457908E-02  6.86317928468E-05  1.00000000000E+00
 1.74673994458E-02  1.00345924927E-02  1.93876454974E-04  1.00000000000E+00
 1.75573522886E-02  9.96772706007E-03 -1.53602191756E-04  1.00000000000E+00
 1.73828170795E-02  9.91917900465E-03 -1.14376693065E-04  1.00000000000E+00
 1.75596110449E-02  9.99764422180E-03  1.00777703915E-04  1.00000000000E+00
 1.74183388393E-02  9.98037324691E-03  1.40445823713E-04  1.00000000000E+00
 1.73709898579E-02  9.98156043651E-03 -9.43755156856E-05  1.00000000000E+00
 1.74677940746E-02  1.01843669111E-02 -2.50725463315E-05  1.00000000000E+00
 1.74371921171E-02  9.81958996452E-03 -2.23142991993E-06  1.00000000000E+00
 1.75563362558E-02  9.97551361890E-03 -1.73056164390E-04  1.00000000000E+00
 1.73373991604E-02  1.00993762102E-02  1.39253058531E-05  1.00000000000E+00
 1.75598504897E-02  9.91825726516E-03 -2.54515145889E-05  1.00000000000E+00
 1.74365309861E-02  1.00619833250E-02 -1.79599792052E-05  1.00000000000E+00
 1.74649612443E-02  9.81317155480E-03  1.66715811235E-05  1.00000000000E+00
 1.75550389052E-02  9.94173481099E-03  1.59786877105E-04  1.00000000000E+00
 1.76802724051E-02  9.98813753112E-03  1.56285349336E-06  1.00000000000E+00
 1.74702643550E-02  1.00737975887E-02 -1.76420649978E-04  1.00000000000E+00
 1.74220684156E-02  1.01199570195E-02 -1.22115291342E-04  1.00000000000E+00
 1.75153122094E-02  9.88698212411E-03 -1.54088057561E-04  1.00000000000E+00
 1.74619583104E-02  1.00196957709E-02 -9.50568070449E-05  1.00000000000E+00
 1.74359050335E-02  9.98061022963E-03  9.17126440189E-05  1.00000000000E+00
 1.73597500041E-02  1.00353404999E-02  3.91184677228E-05  1.00000000000E+00
 1.76895686024E-02  1.00421933401E-02 -3.73981915406E-05  1.00000000000E+00
 1.74928695270E-02  1.00453884951E-02  1.29421648851E-05  1.00000000000E+00
 1.75696281291E-02  9.91749133516E-03 -1.01375055535E-04  1.00000000000E+00
 1.74381964391E-02  1.01685330199E-02  8.67176095424E-05  1.00000000000E+00
 1.73822185839E-02  1.00454996544E-02 -1.16559529797E-04  1.00000000000E+00
 1.74525010343E-02  9.86529376652E-03  7.58046487016E-05  1.00000000000E+00
 1.74969494831E-02  9.91015676028E-03  7.06568794233E-05  1.00000000000E+00
 1.75140348553E-02  1.01093794283E-02 -1.41756553587E-04  1.00000000000E+00
 1.75107253443E-02  1.01192144163E-02  1.35552977007E-05  1.00000000000E+00
 1.73878974904E-02  1.00022095678E-02 -5.76278486000E-05  1.00000000000E+00
 1.74558565454E-02  9.93941448316E-03  1.46902110400E-04  1.00000000000E+00
 1.73422493866E-02  1.00965007001E-02  1.25240894047E-06  1.00000000000E+00
 1.75342821948E-02  9.98800792702E-03  1.09695149072E-04  1.00000000000E+00
 1.75172179693E-02  9.96427140838E-03 -3.51225475516E-05  1.00000000000E+00
 1.74700869965E-02  1.00209830807E-02 -1.02370035334E-04  1.00000000000E+00
 1.75127576181E-02  1.00594319916E-02 -2.66897540717E-06  1.00000000000E+00
 1.73690380443E-02  1.00575137105E-02  6.68192642439E-05  1.00000000000E+00
 1.75347862759E-02  1.00083943085E-02 -1.24210244757E-05  1.00000000000E+00
 1.75369931730E-02  1.00704073913E-02  1.71648277345E-04  1.00000000000E+00
 1.76230215028E-02  9.94093913362E-03 -6.56755047216E-05  1.00000000000E+00
 1.75406639895E-02  1.00372283860E-02  1.85255057525E-04  1.00000000000E+00
 1.76053795969E-02  1.01164147088E-02  6.51407416893E-05  1.00000000000E+00
 1.76315282474E-02  1.00507486372E-02  1.36941277109E-04  1.00000000000E+00
 1.75269287493E-02  9.97853747369E-03 -1.71148138750E-05  1.00000000000E+00
 1.75264144413E-02  1.01127835768E-02 -7.34672801777E-05  1.00000000000E+00
 1.74714397772E-02  9.87621246028E-03 -7.91238531208E-06  1.00000000000E+00
 1.75962876800E-02  1.00745929811E-02  1.39129124368E-04  1.00000000000E+00
 1.73642307672E-02  9.96836287934E-03 -6.58390506706E-05  1.00000000000E+00
 1.75247655271E-02  1.00874915215E-02  4.74992367008E-05  1.00000000000E+00
 1.74831381457E-02  1.00098770914E-02  1.90950113971E-04  1.00000000000E+00
 1.74236727178E-02  1.00630566665E-02  1.35368384631E-04  1.00000000000E+00
 1.75258285302E-02  9.88914178408E-03 -8.87609816721E-05  1.00000000000E+00
 1.73523034064E-02  1.00928064455E-02 -1.86086545536E-06  1.00000000000E+00
 1.73507147215E-02  1.00482235846E-02 -4.25100312399E-05  1.00000000000E+00
 1.74516646238E-02  1.00356683021E-02  4.36561310026E-05  1.00000000000E+00
 1.74514481379E-02  1.00663074865E-02 -1.17187496202E-04  1.00000000000E+00
 1.75757391830E-02  9.82991343353E-03 -5.86281404147E-05  1.00000000000E+00
 1.74758678561E-02  1.00772854563E-02 -2.09671422729E-05  1.00000000000E+00
 1.76330735624E-02  1.01005816308E-02 -7.34931981879E-05  1.00000000000E+00
 1.74563930612E-02  1.00771032131E-02 -1.02552500557E-04  1.00000000000E+00
 1.75391518644E-02  9.84247951667E-03 -4.33773360453E-05  1.00000000000E+00
 1.75512417471E-02  1.01215935087E-02 -2.46523933064E-05  1.00000000000E+00
 1.74834057487E-02  1.01503535685E-02  3.51752045563E-05  1.00000000000E+00
 1.76085888222E-02  1.00193928515E-02  7.69185755382E-05  1.00000000000E+00
 1.75818676777E-02  1.00854695670E-02 -2.67343166313E-05  1.00000000000E+00
 1.75742944665E-02  1.01691055683E-02  5.56857979613E-05  1.00000000000E+00
 1.74238931961E-02  1.01128982545E-02  1.46282738766E-04  1.00000000000E+00
 1.76263102238E-02  1.00176481932E-02 -3.07065595731E-07  1.00000000000E+00
 1.76036642915E-02  1.01271764297E-02  2.02977433328E-06  1.00000000000E+00
 1.73888504897E-02  9.98107782959E-03 -1.20062269851E-06  1.00000000000E+00
 1.76301671851E-02  9.99825403423E-03  1.45875851400E-04  1.00000000000E+00
 1.74697118030E-02  9.87104345859E-03 -3.60575150108E-05  1.00000000000E+00
 1.75875595436E-02  1.00178152507E-02  1.46743067255E-04  1.00000000000E+00
 1.74998723650E-02  1.00554531960E-02 -1.80051431730E-04  1.00000000000E+00
 1.74653912722E-02  1.00418823620E-02  1.36303083491E-04  1.00000000000E+00
 1.74609760789E-02  1.01284235904E-02  2.92824463166E-05  1.00000000000E+00
 1.73713501251E-02  1.00657494128E-02 -9.82530678705E-06  1.00000000000E+00
 1.75795034489E-02  9.88239525392E-03 -8.39502108399E-05  1.00000000000E+00
 1.74218584953E-02  9.91613602640E-03  8.13891399294E-05  1.00000000000E+00
 1.74334619153E-02  1.01320062542E-02  4.33470113977E-05  1.00000000000E+00
 1.75933856383E-02  1.00913188721E-02 -3.83366129107E-05  1.00000000000E+00
 1.76081384945E-02  1.00175620711E-02  1.37908847031E-04  1.00000000000E+00
 1.73596188034E-02  9.88965864133E-03  4.52338657641E-05  1.00000000000E+00
 1.76259438435E-02  9.91879377560E-03 -4.34715554065E-05  1.00000000000E+00
 1.75786562496E-02  9.83119788621E-03 -9.37708848688E-06  1.00000000000E+00
 1.74191151231E-02  1.01578465754E-02  2.61266566968E-05  1.00000000000E+00
 1.73933580509E-02  9.92282322446E-03  9.83872357907E-06  1.00000000000E+00
 1.75597706055E-02  1.00738606423E-02  1.29303439494E-04  1.00000000000E+00
 1.76306858397E-02  9.90967501062E-03 -5.13965617099E-05  1.00000000000E+00
 1.76780816287E-02  1.00096847130E-02  5.84382845192E-05  1.00000000000E+00
 1.75808532435E-02  1.01691360974E-02 -3.59486633229E-05  1.00000000000E+00
 1.76100491272E-02  9.97783063307E-03 -6.31751325887E-05  1.00000000000E+00
 1.75947966224E-02  1.00455954953E-02 -7.60500612074E-05  1.00000000000E+00
 1.74182272992E-02  9.99819828113E-03  1.52481442613E-04  1.00000000000E+00
 1.73238696823E-02  1.00168912609E-02  1.99657736822E-05  1.00000000000E+00
 1.76462882086E-02  9.94839755482E-03 -1.03958662533E-05  1.00000000000E+00
 1.75658269541E-02  9.89060354823E-03  5.43945194765E-05  1.00000000000E+00
 1.74797921972E-02  9.89616513837E-03 -1.00005364524E-04  1.00000000000E+00
 1.75371086813E-02  1.00712056161E-02 -8.65870263883E-05  1.00000000000E+00
 1.75366064381E-02  9.98278332391E-03 -3.40989376363E-05  1.00000000000E+00
 1.73924149932E-02  9.94946576196E-03  1.31919636302E-04  1.00000000000E+00
 1.74038088667E-02  9.85196077744E-03  8.25402864736E-05  1.00000000000E+00
 1.74948225133E-02  9.92838734648E-03 -1.27918030900E-04  1.00000000000E+00
 1.75152510669E-02  1.01463327443E-02 -5.07921075678E-05  1.00000000000E+00
 1.74330796129E-02  9.92399120687E-03  1.45444964291E-04  1.00000000000E+00
 1.75056029074E-02  1.01595783176E-02  6.96244817331E-05  1.00000000000E+00
 1.74026484111E-02  9.95495049438E-03 -1.66301877420E-04  1.00000000000E+00
 1.76286295597E-02  9.89111075964E-03  2.41544216895E-05  1.00000000000E+00
 1.75157367489E-02  9.85100560960E-03  1.25205366685E-04  1.00000000000E+00
 1.73882509296E-02  9.86198265934E-03  6.35227703161E-06  1.00000000000E+00
 1.74224246694E-02  9.91801127253E-03 -6.27255314400E-05  1.00000000000E+00
 1.75048164553E-02  1.01051134420E-02 -4.43328461732E-05  1.00000000000E+00
 1.75714033935E-02  1.00797947092E-02 -4.92842511865E-05  1.00000000000E+00
 1.74635662160E-02  9.88439328639E-03  4.60362465707E-05  1.00000000000E+00
 1.74926434057E-02  1.01459993334E-02 -3.49866788926E-05  1.00000000000E+00
 1.76133523501E-02  9.86568276843E-03  4.10427792174E-05  1.00000000000E+00
 1.76293574568E-02  9.95389928315E-03  1.29563487923E-04  1.00000000000E+00
 1.75139594614E-02  1.00947667842E-02  1.25064705519E-04  1.00000000000E+00
